HepMC::Version 3.02.02
HepMC::Asciiv3-START_EVENT_LISTING
E 0 3 8
U GEV MM
A 0 GenCrossSection 6.89756276e-06 0.00000000e+00 -1 -1
P 1 0 11 0.0000000000000000e+00 0.0000000000000000e+00 -4.9999999738880110e+00 5.0000000000000000e+00 5.1099891404459905e-04 21
P 2 1 22 5.2748447945344165e-05 1.6112082352259487e-05 -3.7840923745307009e-01 3.7840923498411844e-01 -7.0075289452803030e-05 21
P 3 1 11 -5.2748447945344165e-05 -1.6112082352259487e-05 -4.6215907364348823e+00 4.6215907650154797e+00 5.1101238083587686e-04 1
P 4 0 2212 0.0000000000000000e+00 0.0000000000000000e+00 4.0989262565086733e+01 4.1000000000000000e+01 9.3827201300014096e-01 21
V -2 0 [2,4]
P 5 -2 2212 6.9550743762714395e-01 2.1244365565540060e-01 3.8335647922069839e+01 3.8354023503120231e+01 9.3827201299977747e-01 1
P 6 -2 22 -6.9545468917919862e-01 -2.1242754357304838e-01 2.2752054055563349e+00 3.0243857318561411e+00 1.8551460135559210e+00 21
P 7 6 11 -8.9430777485132307e-01 -1.8979220913615804e+00 1.9929318598924510e+00 2.8937298284966282e+00 5.1099794590976589e-04 1
P 8 6 -11 -3.9586221938813326e-01 1.5038379807325952e+00 2.2279063782450521e+00 2.7169473054106317e+00 5.1099933380087327e-04 1
E 1 3 8
U GEV MM
A 0 GenCrossSection 6.21454171e-05 0.00000000e+00 -1 -1
P 1 0 11 0.0000000000000000e+00 0.0000000000000000e+00 -4.9999999738880110e+00 5.0000000000000000e+00 5.1099891404459905e-04 21
P 2 1 22 -1.8761488468552681e-01 1.0920528095367021e-01 -1.3649363865497435e+00 1.3584601219447268e+00 -2.5448492049063054e-01 21
P 3 1 11 1.8761488468552681e-01 -1.0920528095367021e-01 -3.6350635873386636e+00 3.6415398780564239e+00 5.1101470290030660e-04 1
P 4 0 2212 0.0000000000000000e+00 0.0000000000000000e+00 4.0989262565086733e+01 4.1000000000000000e+01 9.3827201300014096e-01 21
V -2 0 [2,4]
P 5 -2 2212 -5.0335438814808697e-01 2.9298825340596812e-01 4.0586145967890019e+01 4.0601167552842071e+01 9.3827201299977747e-01 1
P 6 -2 22 3.1573950346256002e-01 -1.8378297245229780e-01 -9.6181978936238011e-01 1.7572925690941998e+00 1.4246095083125108e+00 21
P 7 6 11 1.0970221401411537e+00 2.5817584475945615e-01 -1.2179584962041190e+00 1.6593780468521884e+00 5.1100102629291128e-04 1
P 8 6 -11 -6.4721664135884005e-01 -5.1999481478074960e-01 -1.5225912100345340e-01 8.4407765596527362e-01 5.1099941603569303e-04 1
E 2 3 8
U GEV MM
A 0 GenCrossSection 5.62191371e-05 0.00000000e+00 -1 -1
P 1 0 11 0.0000000000000000e+00 0.0000000000000000e+00 -4.9999999738880110e+00 5.0000000000000000e+00 5.1099891404459905e-04 21
P 2 1 22 1.9207264754340356e-04 9.2613737388445473e-05 -1.2840545977917373e-01 1.2840545442465126e-01 -2.1643545480658260e-04 21
P 3 1 11 -1.9207264754340356e-04 -9.2613737388445473e-05 -4.8715945141084376e+00 4.8715945455747143e+00 5.1099185374453668e-04 1
P 4 0 2212 0.0000000000000000e+00 0.0000000000000000e+00 4.0989262565086733e+01 4.1000000000000000e+01 9.3827201300014096e-01 21
V -2 0 [2,4]
P 5 -2 2212 4.3897924693480189e-01 2.1166735198675377e-01 3.0720591458736621e+01 3.0738780063498240e+01 9.3827201299989860e-01 1
P 6 -2 22 -4.3878717428725850e-01 -2.1157473824936532e-01 1.0140265646562739e+01 1.0389625390918205e+01 2.2095316984753905e+00 21
P 7 6 11 1.4018992166572435e+00 -4.1019031901486680e-01 2.3908608060651204e+00 2.8017482339738793e+00 5.1099871155335392e-04 1
P 8 6 -11 -2.3714133871293943e+00 -5.7290771743743196e-02 2.0014377570976421e+01 2.0154458402544741e+01 5.1099781902660870e-04 1
E 3 3 8
U GEV MM
A 0 GenCrossSection 1.59106546e-06 0.00000000e+00 -1 -1
P 1 0 11 0.0000000000000000e+00 0.0000000000000000e+00 -4.9999999738880110e+00 5.0000000000000000e+00 5.1099891404459905e-04 21
P 2 1 22 -1.6509636453397646e-04 1.5369160537634618e-04 -1.5052689234926220e+00 1.5052689049699384e+00 -3.2655957957850002e-04 21
P 3 1 11 1.6509636453397646e-04 -1.5369160537634618e-04 -3.4947310503957851e+00 3.4947310950305916e+00 5.1097492218435273e-04 1
P 4 0 2212 0.0000000000000000e+00 0.0000000000000000e+00 4.0989262565086733e+01 4.1000000000000000e+01 9.3827201300014096e-01 21
V -2 0 [2,4]
P 5 -2 2212 -6.4336623429363582e-01 5.9892287557412616e-01 3.9653795152502553e+01 3.9674632362371412e+01 9.3827201299977747e-01 1
P 6 -2 22 6.4320113792910183e-01 -5.9876918396874979e-01 -1.6980151091684093e-01 2.8306365425909590e+00 2.6854121552636503e+00 21
P 7 6 11 4.0907199349489209e+00 5.7723657601255907e-01 6.8236665969106980e-01 4.1872205781704839e+00 5.1100020372944505e-04 1
P 8 6 -11 -2.3634597808744782e+00 -2.1851786208397423e+00 -1.1383537010897271e+00 3.4142052004348780e+00 5.1098490285161771e-04 1
E 4 3 8
U GEV MM
A 0 GenCrossSection 4.65770510e-06 0.00000000e+00 -1 -1
P 1 0 11 0.0000000000000000e+00 0.0000000000000000e+00 -4.9999999738880110e+00 5.0000000000000000e+00 5.1099891404459905e-04 21
P 2 1 22 -8.5554174752398321e-02 6.8204415037159044e-02 -8.3920278733046416e-02 8.2702857335384808e-02 -1.1033680083870542e-01 21
P 3 1 11 8.5554174752398321e-02 -6.8204415037159044e-02 -4.9160796951546217e+00 4.9172971426646797e+00 5.1097802486825561e-04 1
P 4 0 2212 0.0000000000000000e+00 0.0000000000000000e+00 4.0989262565086733e+01 4.1000000000000000e+01 9.3827201300014096e-01 21
V -2 0 [2,4]
P 5 -2 2212 -5.2530091117752231e-01 4.1877373569482296e-01 2.7949418088484492e+01 2.7973230745558780e+01 9.3827201300001972e-01 1
P 6 -2 22 4.3974673642512402e-01 -3.5056932065766394e-01 1.2955924197860838e+01 1.3109472111768278e+01 1.9198987441350417e+00 21
P 7 6 11 2.0291087511397921e+00 4.7706602782964502e-01 1.6707868841498254e+01 1.6837391597414630e+01 5.1099837522651612e-04 1
P 8 6 -11 -1.1848395441397619e+00 -1.1501236262925301e+00 8.1661937550822472e+00 8.3314674462412857e+00 5.1099940419474879e-04 1
E 5 3 8
U GEV MM
A 0 GenCrossSection 2.68985761e-06 0.00000000e+00 -1 -1
P 1 0 11 0.0000000000000000e+00 0.0000000000000000e+00 -4.9999999738880110e+00 5.0000000000000000e+00 5.1099891404459905e-04 21
P 2 1 22 -9.1891444795758129e-03 2.3559502349390162e-02 -1.0173335671333916e-01 1.0166807938024146e-01 -2.5549325441464644e-02 21
P 3 1 11 9.1891444795758129e-03 -2.3559502349390162e-02 -4.8982666171723395e+00 4.8983319206195901e+00 5.1100746900913595e-04 1
P 4 0 2212 0.0000000000000000e+00 0.0000000000000000e+00 4.0989262565086733e+01 4.1000000000000000e+01 9.3827201300014096e-01 21
V -2 0 [2,4]
P 5 -2 2212 -3.7528024680397204e-01 9.6215875981808863e-01 3.0896912363320261e+01 3.0928403332532508e+01 9.3827201300026208e-01 1
P 6 -2 22 3.6609110232439618e-01 -9.3859925746869843e-01 9.9906168450448263e+00 1.0173264746839422e+01 1.6333705652638788e+00 21
P 7 6 11 6.8019928379955141e-01 -1.6117057114497801e-01 9.1166472116805153e-01 1.1488167145489634e+00 5.1099905309433475e-04 1
P 8 6 -11 -8.2236853057890136e-02 -1.3719098285828901e+00 1.5406714762357282e+01 1.5467894475574923e+01 5.1099923733517619e-04 1
E 6 3 8
U GEV MM
A 0 GenCrossSection 7.04291407e-07 0.00000000e+00 -1 -1
P 1 0 11 0.0000000000000000e+00 0.0000000000000000e+00 -4.9999999738880110e+00 5.0000000000000000e+00 5.1099891404459905e-04 21
P 2 1 22 9.0767346945301759e-05 1.5618178746258193e-04 -6.7334169918808584e-02 6.7334166253077019e-02 -1.8200307683587138e-04 21
P 3 1 11 -9.0767346945301759e-05 -1.5618178746258193e-04 -4.9326658039681206e+00 4.9326658337480733e+00 5.1103585822888972e-04 1
P 4 0 2212 0.0000000000000000e+00 0.0000000000000000e+00 4.0989262565086733e+01 4.1000000000000000e+01 9.3827201300014096e-01 21
V -2 0 [2,4]
P 5 -2 2212 4.5859476307963476e-01 7.8909599353960180e-01 2.6231685484192937e+01 2.6264322937318251e+01 9.3827201299983798e-01 1
P 6 -2 22 -4.5850399573268946e-01 -7.8893981175213923e-01 1.4690242910966674e+01 1.4803011228926561e+01 1.5790037111574173e+00 21
P 7 6 11 -1.0666594528980466e+00 3.0630134307702506e-01 5.7719957903728414e+00 5.8777137193325029e+00 5.1099919562027447e-04 1
P 8 6 -11 3.4267994205566765e-01 -1.5520402337134143e+00 1.7423952283846120e+01 1.7496295947446111e+01 5.1099932076496932e-04 1
E 7 3 8
U GEV MM
A 0 GenCrossSection 1.84497211e-06 0.00000000e+00 -1 -1
P 1 0 11 0.0000000000000000e+00 0.0000000000000000e+00 -4.9999999738880110e+00 5.0000000000000000e+00 5.1099891404459905e-04 21
P 2 1 22 -3.0978618322492058e-05 1.5730227980923439e-07 -1.4360847841737723e-01 1.4360847754806608e-01 -3.4776147566155097e-05 21
P 3 1 11 3.0978618322492058e-05 -1.5730227980923439e-07 -4.8563914954720531e+00 4.8563915224514549e+00 5.1096514469588206e-04 1
P 4 0 2212 0.0000000000000000e+00 0.0000000000000000e+00 4.0989262565086733e+01 4.1000000000000000e+01 9.3827201300014096e-01 21
V -2 0 [2,4]
P 5 -2 2212 -7.1578303253689624e-01 3.6345811712677955e-03 2.8598562336221484e+01 2.8622901331433418e+01 9.3827201299989860e-01 1
P 6 -2 22 7.1575205391857377e-01 -3.6344238689879865e-03 1.2247091750439722e+01 1.2520707146106325e+01 2.5029056880241796e+00 21
P 7 6 11 3.7659632285753702e-01 -3.0608884331576665e+00 1.2421535378254475e+01 1.2798648530410368e+01 5.1099873675613128e-04 1
P 8 6 -11 1.4148635641105276e+00 3.0517918129832839e+00 1.8231780225679472e+01 1.8539500603668884e+01 5.1100154555442821e-04 1
HepMC::Asciiv3-END_EVENT_LISTING

